0.458
0.157
0.385
