0.28972,0.047088,0.20596,0.2817,3.5286e-05,0.14899,0.01837,0.0046694,0.00068684,0.0027842
0.86754,0.021047,0.00084422,0.001641,0.014555,0.074711,0.0059389,0.0035228,0.0024595,0.0077363
0.4082,0.0025424,0.17756,0.1194,0.013477,0.074597,0.13086,0.066918,0.001043,0.0053954
0.022256,0.0059767,0.65281,0.050615,0.014751,0.17133,0.07517,0.0012015,6.5213e-06,0.0058893
0.11917,0.00081148,0.035407,0.61748,0.0203,0.14025,0.058948,0.0011987,0.0040692,0.0023672
0.052936,0.00055351,0.014023,0.20799,0.55261,0.021687,0.12978,0.01411,0.0032623,0.0030396
0.14017,0.00029149,0.0060388,0.045059,0.0076518,0.76069,0.017851,0.0079852,0.0070251,0.0072361
0.11074,0.0027077,0.00065619,0.025067,0.0036405,0.10618,0.73097,0.011057,0.0060577,0.0029256
0.057177,0.02369,0.022458,0.001454,0.19106,0.23926,0.036122,0.38621,0.0094159,0.033152
0.0075568,0.12425,0.01705,0.004337,0.022239,0.058738,0.012993,0.093629,0.60268,0.056527
0.45708,0.044136,0.038743,0.016,0.021221,0.0018764,0.10733,0.007638,0.1419,0.16408
0.030849,0.13025,0.43172,0.29094,0.012198,0.090439,0.010414,0.00060291,0.0016164,0.00098314
0.79995,0.00035379,0.05532,0.12693,0.0013689,0.0016663,0.0052337,0.0055103,0.00085281,0.0028145
0.019421,0.61204,0.00048772,0.25482,0.077713,0.018271,0.0014324,0.0064664,0.0047695,0.0045784
0.0024302,0.0022465,0.79263,0.14695,0.01618,0.02004,0.009967,0.00027336,0.0043753,0.0049058
0.037526,0.0005203,0.00037549,0.94144,0.0016985,0.0012197,0.0018963,0.0060658,0.0030383,0.0062228
0.038024,0.00026582,0.0014324,0.11544,0.81948,0.006556,0.0054635,0.0052771,0.0017782,0.0062765
0.078898,0.039906,0.012836,0.12295,0.057219,0.67801,0.0002113,0.0049977,0.00030722,0.0046649
0.35442,0.19415,0.1171,0.015245,0.034933,0.014986,0.18579,0.052958,0.030064,0.00036643
0.010803,0.0011622,0.014956,0.17773,0.12219,0.13086,0.096485,0.36265,0.026659,0.056507
0.13416,0.10632,0.12261,0.03944,0.073703,0.075953,0.088293,0.10852,0.11242,0.13858
0.083747,0.071023,0.065712,0.0022786,0.023786,0.12966,0.18643,0.22531,0.032515,0.17953
0.031168,0.006647,0.34821,0.044848,0.32869,0.018323,0.063977,0.14934,9.0179e-05,0.0087008
0.91021,0.0068448,0.00063254,0.0024203,0.0013117,0.023468,0.010352,0.032054,0.0068268,0.0058777
0.15075,0.44612,0.032733,0.01271,0.017303,0.052792,0.070698,0.19191,0.024335,0.00065489
0.032718,0.014003,0.56199,0.017435,0.21997,0.026656,0.005593,0.11933,0.0006489,0.0016522
0.084231,0.0014415,0.0058752,0.73214,0.062629,0.05758,0.048069,0.0025201,0.00053034,0.0049844
0.025245,0.0019756,0.0044066,0.032716,0.8455,0.070146,0.0016333,0.010709,0.00037503,0.0072899
0.099548,0.0070676,0.0011488,0.091399,0.00036744,0.75923,0.020602,0.011064,0.003004,0.0065729
0.040592,0.0027786,0.0018458,0.081354,0.00062466,0.0093298,0.85793,0.0029776,0.002384,0.00017944
0.018943,0.00028252,0.0029788,0.012357,0.011535,0.020409,0.015913,0.91073,0.0016799,0.0051766
0.31967,0.1066,0.0022365,0.022565,0.027535,0.065388,0.014113,0.08533,0.27853,0.078041
0.17897,0.044727,0.032317,0.038478,0.023496,0.00087046,0.21722,0.0045306,0.00026981,0.45912
0.031531,0.41241,0.27191,0.2424,0.00086208,0.0015692,0.019917,0.00086579,0.017691,0.00084454
0.014723,0.079774,0.00092894,0.11489,0.024665,0.091692,0.038577,0.475,0.082269,0.077483
0.028232,0.87074,0.00013735,0.056767,0.0014224,0.0013124,0.024239,0.0037442,0.0066072,0.0068013
0.00495,0.01174,0.86962,0.021826,0.010655,0.0014695,0.073614,0.0022681,0.0030586,0.00079301
0.0042295,0.013421,0.005169,0.80846,0.004089,0.0065183,0.15071,0.0056758,0.00010348,0.0016269
0.12373,0.0014819,0.21085,0.04135,0.35636,0.054808,0.11462,0.035671,0.014467,0.046653
0.06154,0.070826,0.1745,0.024598,0.35891,0.075795,0.093102,0.0019296,0.059715,0.079081
0.0069928,0.081024,0.00025623,0.057559,0.0025497,0.0052873,0.82717,0.0066115,0.0063364,0.0062108
0.020242,0.042162,0.016627,0.14834,0.0011255,0.11072,0.0053748,0.64001,0.0020981,0.013298
0.063386,0.042985,0.059497,0.03037,0.01521,0.014471,0.027153,0.00079885,0.73428,0.011849
0.12481,0.18396,0.023608,0.064957,0.13423,0.062837,0.029704,0.043362,0.0042578,0.32828
0.0015955,0.077207,0.74404,0.0074645,0.0043284,0.13542,0.0033836,0.021477,0.0045126,0.00057193
0.88456,0.019112,0.0058914,0.016111,0.0014428,0.019488,0.034184,0.0015121,0.00053831,0.017162
0.32296,0.24274,0.12679,0.0096665,0.003976,0.1868,0.0010171,0.099956,0.003072,0.0030307
0.024024,0.0011539,0.83141,0.033846,0.02428,0.071902,0.002717,0.0068665,0.003003,0.00079301
0.10573,0.006045,0.064377,0.72547,0.0034916,0.023004,0.066343,0.0017089,0.0033017,0.00052986
0.12964,0.0043718,0.00044836,0.0021878,0.78836,0.025728,0.033791,0.0097097,0.0035377,0.0022263
0.071965,0.00065698,0.0028695,0.012458,0.01836,0.87204,0.011217,0.0056504,0.0030336,0.0017509
0.27101,0.004434,0.008868,0.024643,0.03032,0.0002418,0.64104,0.0005382,0.0080882,0.010814
0.0048864,0.030613,0.00022435,0.085103,0.027588,0.021772,0.010958,0.78494,0.026762,0.0071521
0.22606,0.13156,0.020982,0.14544,0.15974,0.0047001,0.0075083,0.013193,0.28918,0.0016468
0.12864,0.12058,0.056616,0.031718,0.0021925,0.040471,0.12374,0.026899,0.021386,0.44776
0.066926,0.080098,0.31836,0.038,0.35633,0.082831,0.018027,0.038889,5.7689e-06,0.00053745
0.72595,0.041659,0.0049893,0.11816,0.03701,2.902e-05,0.055906,0.0032833,0.0068842,0.0061239
0.12888,0.74668,0.0027879,0.00050404,0.0031479,0.071994,0.018652,0.010092,0.0026848,0.014575
0.0096145,0.093155,0.4772,0.019361,0.15991,0.11976,0.0065298,0.11168,0.00036376,0.0024234
0.24866,0.034773,0.023969,0.45114,0.062026,0.13733,0.034432,0.0039642,0.00061666,0.0030911
0.045785,0.00041332,0.0074795,0.0073628,0.91411,0.0016171,0.0063433,0.0051498,0.0068567,0.0048809
0.0015432,0.0093697,0.058337,0.14911,0.029887,0.58754,0.15703,0.0040193,0.0031007,6.7221e-05
0.17053,0.020114,0.00034816,0.0029481,0.030784,0.0067009,0.7583,0.0060393,0.0034871,0.00074384
0.00095197,0.040257,0.12226,0.048327,0.0017119,0.00051599,0.0059264,0.77263,0.0013073,0.0061091
0.15598,0.15066,0.21506,0.14899,0.080758,0.012691,0.08379,0.034645,0.038016,0.079413
0.19854,0.044121,0.15039,0.033811,0.005309,0.050924,0.15011,0.032287,0.034219,0.30029
