0.023932,0.0032458,0.53842,0.1164,0.0036795,0.26895,0.024862,0.019245,0.00048508,0.00078792
0.9501,0.0040321,0.0077049,0.003437,0.0027826,0.0060221,0.00062669,0.0072407,0.00045297,0.017606
0.065016,0.75587,0.011797,0.046056,0.029876,0.00015595,0.026408,0.0082324,0.030501,0.026091
0.011728,0.0034208,0.89393,0.045843,0.0010826,0.010446,0.021066,0.010568,4.4465e-05,0.0018685
0.075186,0.004004,0.016813,0.87466,0.0023996,0.0044126,0.013976,0.00063351,0.0025751,0.0053356
0.0054911,0.015451,0.070689,0.0086891,0.74817,0.080272,0.00032041,0.047516,0.014927,0.0084797
0.066694,0.0041775,0.0051446,0.072955,0.0024262,0.82094,0.022382,0.0036054,0.001336,0.00033603
0.1263,0.003458,0.001813,0.040849,0.0031179,0.015861,0.79942,0.00020657,0.0071188,0.0018515
0.053693,0.0012846,0.0047203,0.0073135,0.011259,0.066532,0.0052092,0.8449,0.0047138,0.00037453
0.010197,0.19548,0.18973,0.10491,0.33097,0.040322,0.079259,0.015905,0.019799,0.013422
0.38356,0.18585,0.12966,0.022484,0.0047958,0.046876,0.10981,0.064631,0.011038,0.041298
0.081418,0.054283,0.50838,0.025209,0.2595,0.047255,0.00054752,0.0059002,0.010056,0.007448
0.95775,0.0033912,0.00019588,0.0057626,0.010309,0.000352,0.0088587,0.0039779,0.0016491,0.007752
0.3279,0.16334,0.18438,0.085274,0.0067228,0.17519,0.0040304,0.0489,8.7805e-05,0.004159
0.018944,0.0019366,0.71811,0.025372,0.097703,0.12377,0.0032936,0.0008194,0.006112,0.0039364
0.033034,0.0011673,0.02433,0.70194,0.054402,0.134,0.041592,0.00042907,0.0039686,0.0051359
0.053424,0.0009761,0.0026438,0.022484,0.88198,0.021112,0.0082164,0.0068333,0.00052687,0.0018031
0.02791,0.0021241,0.0052823,0.019581,0.0085767,0.92177,0.0081131,0.0023677,0.0038109,0.00045913
0.16183,0.0013058,0.043141,0.021766,0.00087192,0.033236,0.72458,0.0070055,0.0057463,0.00051856
0.0050968,0.0019364,0.0021158,0.029647,0.048111,0.0025289,0.038087,0.85489,0.00017631,0.017406
0.10772,0.03278,0.049409,0.00054658,0.017248,0.023735,0.0060993,0.053707,0.69536,0.013391
0.11685,0.02518,0.056794,0.070945,0.059508,0.11791,0.17179,0.077786,0.0016262,0.30161
0.13354,0.27636,0.12268,0.33891,0.0086471,0.05522,0.032906,0.018704,0.00017796,0.012855
0.85776,0.00027918,0.0045532,0.06037,0.00013782,0.01438,0.051016,0.003532,0.0063547,0.0016136
0.025236,0.61075,0.00024213,0.30556,0.00094551,0.0024822,0.040113,0.011013,0.0035966,5.7897e-05
0.31688,0.017082,0.29777,0.0073007,0.044563,0.061712,0.1635,0.089785,0.00020516,0.0012102
0.077928,0.0071537,0.0011622,0.82989,0.0065054,0.011135,0.060197,0.00061443,0.0035675,0.0018467
0.25618,0.015565,0.0032754,0.0047799,0.64956,0.0068712,0.058959,0.0019849,0.0024989,0.00033022
0.47052,0.0035857,0.089835,0.037372,0.20011,0.17866,0.01232,0.00031313,0.0059702,0.0013175
0.020192,0.011704,0.0010471,0.051532,0.052542,0.060443,0.7965,0.0049101,3.3821e-05,0.0010919
0.061545,0.00087682,0.00080469,0.21103,0.036837,0.030707,0.0024145,0.63879,0.0066495,0.010351
0.19625,0.069846,0.0031898,0.1862,0.14107,0.17345,0.091643,0.04011,0.079899,0.018344
0.039039,0.068629,0.0029117,0.10039,0.026723,0.014823,0.049623,0.18079,0.075771,0.4413
0.067828,0.00078228,0.63059,0.081469,0.0029658,0.055834,0.054561,0.10331,0.002295,0.00036393
0.87087,0.024391,0.011073,0.022634,3.2069e-06,0.05916,0.0023264,0.0012486,0.0018738,0.0064216
0.2589,0.52129,0.064645,0.0014274,0.023318,0.020102,0.0059331,0.091033,0.0088465,0.0045037
0.00033283,0.023034,0.75391,0.079365,0.031128,0.090507,0.013436,0.0047237,0.0010352,0.002523
0.13851,0.0021995,0.012171,0.78537,0.0070272,0.048362,0.0018014,0.0038558,0.00046199,0.00024062
0.016203,0.0071379,0.00053217,0.14481,0.64971,0.12752,0.0090192,0.034105,0.0043749,0.0065881
0.10037,0.01589,0.00025963,0.053461,0.0026167,0.80374,0.010542,0.0045148,0.0063897,0.0022175
0.023591,0.0041769,0.00092562,0.066832,0.0068213,0.0045421,0.88455,0.00058595,0.0033433,0.0046347
0.0077208,0.0029545,0.00077108,0.032948,0.0034884,0.0019695,0.021704,0.91921,0.007409,0.0018237
0.14065,0.038411,0.072886,0.0011949,0.091785,0.11262,0.015659,0.018992,0.47387,0.033928
0.14389,0.04687,0.11988,0.0022118,0.061221,0.031705,0.072441,0.027426,0.082471,0.41188
0.10334,0.45468,0.14925,0.16348,4.5356e-05,0.004438,0.030007,0.090063,0.00074128,0.0039566
0.61704,0.036384,0.0051376,0.093646,0.0059683,0.20227,0.0018036,0.024262,0.0047921,0.0086979
0.055419,0.76794,0.001396,0.0018624,0.064061,0.059083,0.014146,0.0344,0.00097375,0.00072073
0.02751,0.045405,0.46097,0.00071954,0.17486,0.044827,0.0034908,0.23676,0.00055978,0.0048915
0.031075,0.0099335,0.067104,0.64373,0.065027,0.058308,0.11322,0.00016957,0.0064246,0.0050038
0.0027003,0.0059844,0.00055601,0.25765,0.62973,0.036499,0.011566,0.0012949,0.0048482,0.049165
0.12735,0.0015808,0.006613,0.048114,0.11508,0.61173,0.082201,0.0040445,0.0024243,0.00085603
0.14078,0.12514,0.0002644,0.013086,0.002793,0.0096442,0.64831,0.025883,0.01081,0.023281
7.1691e-05,0.067414,0.064717,0.0013149,0.022355,0.026105,0.011505,0.80242,0.0011695,0.0029316
0.089995,0.031801,0.11689,0.20366,0.08733,0.040654,0.0064072,0.02189,0.35062,0.05075
0.015277,0.14456,0.045201,0.023323,0.0002264,0.035157,0.29322,0.037035,0.076518,0.32948
